snp	chr	pos	OddsRatio	p.value
rs819980	1	1490320	1.159	0.152
rs897634	1	2919127	1.02	0.858
rs2817159	1	3232844	1.135	0.279
rs1181868	1	3734562	1.19	0.113
rs7548756	1	4110189	1.119	0.295
rs12076190	1	5768979	1.086	0.408
rs3007429	1	6491632	1.053	0.568
rs873433	1	7581328	1.113	0.245
rs1234694	1	9943262	1.033	0.753
rs3765337	1	12282542	1.053	0.571
rs10803326	1	14946249	1.264	0.018
rs4661630	1	15471175	0.844	0.192
rs4920311	1	18237497	0.94	0.556
rs908502	1	22874747	0.86	0.112
rs2156087	1	23417088	0.777	0.02
rs4908343	1	27605187	1.165	0.196
rs6694545	1	29964421	0.857	0.166
rs4949198	1	31208767	1.001	0.994
rs12058538	1	35019984	0.879	0.182
rs595961	1	35902179	1.054	0.616
rs7530031	1	37416559	0.948	0.564
rs260972	1	39084538	1.088	0.351
rs710232	1	41737483	0.975	0.791
rs12410334	1	43976849	0.9	0.342
rs667016	1	47545664	0.859	0.133
rs1493365	1	52551773	0.87	0.154
rs10399937	1	53017759	0.952	0.627
rs6663966	1	53604340	1.013	0.886
rs1418978	1	56506052	0.939	0.56
rs563921	1	57136710	1.126	0.262
rs2984915	1	58788023	1.088	0.387
rs596985	1	63811364	1.174	0.0939
rs12089641	1	65078119	1.099	0.341
rs1158573	1	71801871	0.955	0.652
rs6662385	1	72707892	1.038	0.777
rs11210458	1	74412441	1.026	0.825
rs7553137	1	76471045	1.037	0.743
rs10874142	1	80569095	0.964	0.708
rs12067308	1	82500200	0.961	0.671
rs11161435	1	84740423	0.843	0.128
rs974843	1	86549496	0.839	0.165
rs1334336	1	87926757	0.933	0.529
rs6428492	1	89002104	1.124	0.227
rs236307	1	93617360	1.084	0.458
rs290829	1	96986121	0.964	0.744
rs947726	1	99394729	0.988	0.9
rs11164273	1	101704739	1.014	0.883
rs4311917	1	107183121	0.903	0.31
rs345275	1	107951181	0.997	0.973
rs2003154	1	110207655	1.034	0.721
rs2365669	1	111820023	1	0.997
rs7523839	1	115630459	1	0.997
rs798006	1	116802566	1.007	0.942
rs10127622	1	151495584	1.002	0.987
rs6662563	1	152500451	1.002	0.986
rs12740969	1	154514584	0.83	0.0945
rs2768744	1	156902357	1.019	0.861
rs2814778	1	159204893	1.06	0.619
rs1962508	1	161975629	1.225	0.105
rs2806424	1	162721669	0.966	0.738
rs6426893	1	165058105	0.932	0.51
rs919679	1	166287925	1.062	0.545
rs9425309	1	172417550	0.976	0.799
rs6686083	1	173983401	0.979	0.851
rs10753143	1	177128105	1.044	0.659
rs4652291	1	178059576	0.984	0.885
rs10911170	1	182965787	1.021	0.818
rs4631655	1	184392182	0.983	0.876
rs6428291	1	189357207	0.87	0.14
rs1923949	1	192578580	1.085	0.467
rs2506081	1	194131842	1.06	0.558
rs1008984	1	198361441	1.007	0.943
rs3006246	1	200062952	0.871	0.179
rs1361903	1	201329706	0.94	0.581
rs1774832	1	203000186	0.984	0.877
rs7530895	1	203291628	1.252	0.0142
rs1553921	1	204469515	0.946	0.569
rs2759281	1	204897237	1.266	0.0472
rs291090	1	206940692	1.064	0.505
rs1781022	1	208291250	0.851	0.0822
rs1340117	1	208657266	1.095	0.338
rs979698	1	209524102	0.889	0.284
rs723632	1	213886409	0.859	0.153
rs2666839	1	214642881	0.925	0.404
rs6604611	1	216481909	0.901	0.298
rs2008602	1	219858976	1.168	0.21
rs1110379	1	224912952	0.871	0.184
rs493950	1	228419264	1.128	0.216
rs6587361	1	229883301	0.919	0.39
rs701185	1	233212240	1.026	0.821
rs2045520	1	234168223	1.054	0.634
rs630101	1	236609116	1.051	0.683
rs2485579	1	237108332	0.867	0.188
rs10925911	1	239545012	1.089	0.46
rs7525142	1	240579605	0.871	0.236
rs9428863	1	241107927	1.075	0.531
rs562642	1	244266843	0.951	0.589
rs9725312	1	244875516	0.948	0.581
rs6426327	1	245926509	1.004	0.971
rs2387370	1	247984347	0.851	0.127
rs6587761	1	248903861	0.829	0.0486
rs1996398	2	181196	1.019	0.86
rs2683967	2	574017	1.068	0.485
rs11897977	2	1380953	1.114	0.247
rs9309717	2	3491307	1.301	0.0199
rs10165834	2	3642115	1.121	0.205
rs825943	2	4754963	0.839	0.0732
rs12990806	2	6946958	1.03	0.769
rs798443	2	7828144	1.116	0.341
rs1344185	2	9150195	1.17	0.0989
rs1882646	2	10891662	0.969	0.741
rs962646	2	12247134	1.09	0.348
rs2380549	2	13967753	0.875	0.158
rs6733850	2	15790827	1.022	0.836
rs810066	2	16708105	0.929	0.51
rs11676404	2	18188305	0.922	0.401
rs921599	2	20591365	1.059	0.561
rs7588415	2	20923901	0.944	0.559
rs736442	2	21397397	0.934	0.566
rs13025681	2	26525636	0.981	0.863
rs7593448	2	27226425	1.017	0.887
rs2631941	2	29758420	1.158	0.162
rs6548031	2	30761805	1.004	0.966
rs11124405	2	34962944	1.081	0.43
rs11689624	2	36742610	1.053	0.61
rs10203995	2	38937913	1.208	0.0601
rs7582701	2	46323630	0.976	0.797
rs1316521	2	49013003	0.878	0.19
rs6545265	2	52239992	0.963	0.671
rs4672145	2	56679029	0.972	0.761
rs13409341	2	57701125	1.035	0.74
rs4643526	2	60957516	0.929	0.478
rs12622045	2	65628738	1.033	0.746
rs2861060	2	66416217	0.98	0.832
rs4267542	2	69003918	1.066	0.509
rs6724395	2	69718936	0.907	0.285
rs3768641	2	72141061	0.999	0.992
rs1881244	2	73417961	0.924	0.433
rs7557290	2	77285445	1.133	0.188
rs17640561	2	78292924	1.085	0.406
rs1444543	2	80446489	1.339	0.0151
rs4852696	2	82924517	1.339	0.00725
rs1025104	2	86123541	1.137	0.259
rs6736170	2	88247883	1.08	0.386
rs1320149	2	96828140	0.923	0.429
rs11674146	2	104341653	1.166	0.19
rs10171578	2	104650006	0.928	0.435
rs700853	2	107737672	0.992	0.938
rs260714	2	108946039	1.129	0.235
rs13426054	2	110720389	0.987	0.891
rs11890727	2	113909917	0.826	0.0561
rs1437430	2	117008761	0.966	0.712
rs10191837	2	118207357	0.948	0.601
rs287790	2	121619281	1.074	0.47
rs6750983	2	122521680	1.084	0.438
rs6733255	2	126904810	1.119	0.26
rs1545216	2	129337550	1.095	0.387
rs971414	2	132924512	0.954	0.611
rs218174	2	135900775	1.16	0.266
rs4954540	2	137797935	0.867	0.224
rs6705862	2	138635799	1.099	0.45
rs7591743	2	142519199	1.203	0.11
rs4662260	2	146591810	0.836	0.0697
rs1979038	2	148453329	0.881	0.195
rs6733811	2	151689631	1.053	0.67
rs723802	2	156819954	1.179	0.0919
rs12472133	2	157908518	0.82	0.0606
rs901303	2	162559937	0.963	0.715
rs1676038	2	163393801	0.995	0.955
rs1600148	2	167331237	1.064	0.542
rs10930443	2	170863326	1.067	0.474
rs12466967	2	173479352	0.982	0.862
rs2362870	2	176746915	1.007	0.945
rs13000048	2	177472361	1.175	0.149
rs256550	2	189880012	1.056	0.573
rs2271767	2	191414601	0.857	0.105
rs6710083	2	191907866	0.749	0.00282
rs6748661	2	194818116	0.973	0.782
rs6434811	2	196001696	1.244	0.0246
rs920249	2	200447606	0.954	0.637
rs10932088	2	204847688	1.128	0.209
rs1362663	2	205904865	1.154	0.119
rs288079	2	209570752	1.165	0.158
rs920525	2	213121971	1.036	0.733
rs11894175	2	214362300	1.057	0.624
rs3755152	2	215957474	0.948	0.562
rs16859382	2	218829133	0.747	0.00296
rs2385622	2	219835391	0.991	0.944
rs4674659	2	222497761	1.194	0.071
rs744396	2	223706064	1.091	0.389
rs16866714	2	225812418	1.149	0.181
rs6735031	2	229418594	0.983	0.85
rs11690414	2	230742989	1.004	0.966
rs2215173	2	233946527	1.142	0.266
rs1027868	2	234348101	1.168	0.119
rs935925	2	236305902	0.947	0.574
rs6747043	2	237425608	1.077	0.458
rs907109	2	238657668	0.838	0.0573
rs12471078	2	240055848	0.964	0.772
rs4684404	3	395850	1.171	0.0828
rs10865704	3	1110892	0.941	0.541
rs155412	3	1312779	1.149	0.231
rs12638122	3	2735124	1.058	0.628
rs7644488	3	3516797	1.089	0.429
rs1811510	3	5733544	0.982	0.867
rs9825026	3	9076104	1.048	0.61
rs638107	3	10456514	1.003	0.975
rs11719375	3	10664912	1.092	0.468
rs7627605	3	12357771	0.846	0.0695
rs3762721	3	13854309	0.893	0.229
rs6442608	3	16546766	0.969	0.751
rs1349265	3	24117896	0.88	0.252
rs6795607	3	24589674	0.98	0.841
rs1303629	3	25513615	0.901	0.411
rs6763642	3	26708162	0.98	0.837
rs7619670	3	31344740	0.978	0.816
rs9838282	3	35873097	1.061	0.547
rs6550406	3	36176583	1.03	0.798
rs1122818	3	39099605	1.093	0.415
rs3821372	3	39506880	0.862	0.174
rs4687591	3	53830380	1.202	0.075
rs9825091	3	56761998	0.914	0.343
rs9811612	3	59214554	1.03	0.767
rs1562521	3	60894022	0.921	0.442
rs7622872	3	61317040	0.889	0.212
rs833660	3	62567119	1.198	0.108
rs13093187	3	64526406	1.037	0.726
rs12635307	3	66470382	1.052	0.613
rs1288980	3	71056712	1.1	0.345
rs11721278	3	72544159	1.037	0.765
rs682415	3	74250957	1.026	0.818
rs1494255	3	87399226	1.113	0.276
rs9784387	3	97208919	0.96	0.681
rs2623382	3	99348614	0.963	0.74
rs12489482	3	104860564	0.839	0.0815
rs1163447	3	109337904	0.98	0.852
rs1477844	3	111110984	1.213	0.0786
rs9288952	3	112466178	0.91	0.357
rs6806816	3	115490291	1.105	0.304
rs7431707	3	116263069	0.976	0.822
rs12695349	3	117437616	0.92	0.493
rs1909808	3	122606620	0.847	0.0766
rs1985665	3	123023165	0.891	0.224
rs1254401	3	123634894	1.115	0.302
rs735739	3	126274690	1.066	0.489
rs2811337	3	129864041	0.966	0.749
rs1027858	3	130584342	1.134	0.21
rs4955503	3	134817605	1.094	0.34
rs641320	3	138629115	1.069	0.507
rs7645419	3	140155752	1.06	0.526
rs3796259	3	141260079	0.963	0.725
rs12497227	3	143841688	0.912	0.348
rs7641230	3	144774940	0.892	0.295
rs7646807	3	148464079	1.038	0.727
rs6800064	3	151208981	1.091	0.384
rs1439013	3	152864202	1.111	0.275
rs181696	3	155548315	0.815	0.0714
rs6796127	3	156397109	1.095	0.337
rs1978831	3	159595857	0.963	0.683
rs6803163	3	168210468	1.203	0.0469
rs9290364	3	169277394	0.991	0.93
rs9647366	3	171367935	0.934	0.575
rs13099104	3	172930377	0.86	0.167
rs9868994	3	175015291	0.888	0.283
rs6802083	3	175683926	1.209	0.08
rs1978396	3	177885372	1.13	0.232
rs2567648	3	181240896	0.805	0.042
rs9819105	3	183260999	0.972	0.763
rs9834934	3	186003883	0.895	0.231
rs9823203	3	187156853	0.992	0.94
rs3846193	3	188950376	0.86	0.124
rs6793627	3	189326510	0.958	0.682
rs7624080	3	190869189	1.01	0.916
rs7653308	3	192445262	0.894	0.237
rs10933728	3	194309779	1.135	0.167
rs4677637	3	194754199	1.14	0.234
rs6782303	3	197919365	1.049	0.674
rs4865470	4	1769056	0.924	0.408
rs6827536	4	3677764	0.878	0.163
rs3821920	4	5339873	1.08	0.492
rs3774883	4	5824870	1.099	0.385
rs4689327	4	6068949	0.885	0.214
rs4696778	4	7917581	0.863	0.252
rs4697843	4	11094134	0.801	0.045
rs6825164	4	12440207	1.199	0.0522
rs758973	4	13537749	0.971	0.777
rs2872795	4	17328758	0.947	0.625
rs2724478	4	18053516	0.906	0.352
rs9291432	4	21978880	1.027	0.781
rs7689639	4	25573915	0.839	0.144
rs6842695	4	25859737	0.999	0.99
rs2007586	4	26566601	1.006	0.953
rs10517192	4	29775227	1.11	0.262
rs2034371	4	33028242	1.049	0.628
rs719776	4	33685038	0.97	0.807
rs10049867	4	36266047	1.129	0.21
rs6447622	4	40375547	1.054	0.589
rs4623048	4	41831470	0.766	0.0255
rs7695466	4	52226111	0.796	0.0153
rs1156180	4	54393002	1.16	0.17
rs17081857	4	55177163	0.848	0.106
rs4241633	4	60304930	1.107	0.356
rs10032765	4	62856766	0.871	0.173
rs1384720	4	64409931	1.096	0.331
rs7663168	4	66471896	1.09	0.411
rs7689609	4	71217657	1.244	0.076
rs4694666	4	74202125	1.151	0.169
rs7664889	4	76166551	0.996	0.965
rs7669299	4	77525990	0.979	0.813
rs1712373	4	81234155	0.76	0.00298
rs9968403	4	82526788	0.905	0.36
rs10030779	4	83422411	0.953	0.643
rs2178603	4	84169596	1.154	0.256
rs2725267	4	88095023	0.962	0.695
rs6814827	4	90419517	1.135	0.242
rs10003577	4	94398928	1.115	0.253
rs6827097	4	98336129	0.878	0.227
rs755961	4	101278709	1.091	0.392
rs7662047	4	102170573	0.868	0.142
rs7657799	4	104454266	1.119	0.255
rs7440570	4	109464880	0.977	0.825
rs2282787	4	110009638	1.297	0.00559
rs12503758	4	112927886	0.722	0.00317
rs1525760	4	116214224	1.177	0.132
rs11934975	4	118379996	0.995	0.953
rs6534487	4	125530819	0.793	0.012
rs1216400	4	128591163	1.077	0.465
rs10016932	4	130255752	1.116	0.306
rs7694118	4	133147480	0.862	0.101
rs1451115	4	136280734	1.179	0.0832
rs13118868	4	139893084	1.097	0.44
rs10016497	4	140293068	1.107	0.332
rs1872861	4	140834736	1.008	0.93
rs10016143	4	148694409	1.118	0.245
rs2407548	4	150929372	0.938	0.541
rs7692206	4	154185541	0.819	0.0578
rs2220061	4	155618142	0.829	0.0428
rs1434621	4	161728503	0.724	0.00656
rs6829588	4	164300819	0.815	0.0408
rs1530044	4	165506259	0.822	0.0582
rs2062589	4	168852232	1.076	0.485
rs2877558	4	170822065	0.94	0.568
rs17056945	4	171494538	0.909	0.378
rs2217849	4	174080873	0.919	0.381
rs13107001	4	175478436	0.961	0.693
rs13146622	4	175906213	0.92	0.44
rs2574904	4	176923414	0.949	0.621
rs1377859	4	177827933	1.06	0.59
rs2545258	4	180766439	0.935	0.476
rs1877289	4	183268262	1.023	0.797
rs4861584	4	183943968	1.182	0.0639
rs983763	4	185060566	1.025	0.8
rs7691485	4	185527322	0.932	0.491
rs11736748	4	187121020	0.998	0.981
rs954456	4	187544955	1.069	0.491
rs4975732	5	1825961	0.978	0.85
rs378257	5	2518624	0.973	0.818
rs11747238	5	4778256	0.902	0.431
rs4143541	5	5725049	0.945	0.551
rs1150476	5	5959971	0.891	0.231
rs3733778	5	6491419	1.099	0.337
rs170936	5	8158691	1.119	0.254
rs6892396	5	10333026	1.026	0.821
rs13357360	5	11705922	1.024	0.801
rs13163249	5	12785079	0.792	0.0362
rs6887662	5	14419443	0.975	0.785
rs871722	5	17437385	0.883	0.241
rs13189619	5	21727383	1.261	0.0479
rs16893878	5	24732620	0.881	0.193
rs4533853	5	26939816	1.138	0.161
rs7727623	5	28212616	1.194	0.113
rs7735863	5	31486433	0.868	0.121
rs7714189	5	31750239	0.832	0.0885
rs35397	5	33951011	1.423	0.00144
rs40030	5	36176772	1.322	0.0085
rs930072	5	36665969	1.302	0.0243
rs4869577	5	38219078	0.768	0.0111
rs12657366	5	39171929	1.159	0.162
rs6883840	5	40286308	0.966	0.734
rs4074332	5	54845359	0.798	0.0192
rs16889892	5	59482550	0.953	0.624
rs10059859	5	59935480	0.914	0.361
rs7712760	5	64743635	1	0.997
rs1428473	5	67257732	1.034	0.715
rs33347	5	68678694	1.019	0.834
rs874973	5	73442068	1.066	0.533
rs13357495	5	73789841	0.868	0.129
rs4296785	5	76414958	0.846	0.136
rs7712675	5	76842742	1.093	0.367
rs4455545	5	78343781	0.915	0.37
rs6452419	5	81575583	0.84	0.16
rs6895226	5	82819284	1.126	0.231
rs2964881	5	86377603	1.043	0.696
rs301719	5	88937098	0.953	0.61
rs10474347	5	91270681	0.904	0.326
rs6556871	5	95443071	0.989	0.922
rs4703161	5	101606751	0.989	0.909
rs294152	5	105123252	1.055	0.57
rs4631225	5	109476783	0.904	0.34
rs313617	5	110481848	0.899	0.345
rs2416309	5	113236877	0.92	0.455
rs1382342	5	116225431	1.016	0.88
rs7445113	5	117704223	1.084	0.455
rs11951498	5	120108152	0.967	0.75
rs10041728	5	121801286	1.143	0.253
rs2914585	5	122090427	0.991	0.922
rs718359	5	124373344	1.114	0.23
rs1478446	5	128236207	0.998	0.979
rs261532	5	139569777	1.057	0.661
rs17099475	5	142779034	1.162	0.127
rs6883434	5	145660334	0.876	0.159
rs4513684	5	148272522	1.132	0.191
rs4705411	5	150051462	0.92	0.427
rs2569107	5	150442284	0.99	0.911
rs6869603	5	150763287	1.066	0.494
rs1462110	5	153273186	1.11	0.3
rs17057017	5	159703110	1.104	0.378
rs4551093	5	163225821	0.831	0.105
rs1909593	5	166196894	0.905	0.318
rs12522225	5	167846267	1.029	0.797
rs155239	5	169738924	1.051	0.605
rs1035414	5	170498791	0.991	0.934
rs1107776	5	172596313	1.054	0.565
rs4868232	5	172973235	1	0.999
rs12514977	5	174308504	0.976	0.801
rs7729084	5	174954577	0.965	0.71
rs6556222	5	175750418	0.983	0.871
rs6422347	5	178436082	1.086	0.441
rs670902	5	180787853	1.103	0.361
rs10313	5	181255405	0.948	0.64
rs6597398	6	979999	0.966	0.706
rs7775219	6	3277064	1.221	0.0668
rs2224391	6	5260703	0.844	0.141
rs1323200	6	5869121	0.93	0.456
rs3024354	6	6292197	0.929	0.536
rs4276549	6	8879866	1.029	0.765
rs6456591	6	10643602	1.012	0.917
rs209814	6	11951628	0.991	0.927
rs2504914	6	12606809	1.358	0.00679
rs579240	6	13359099	1.01	0.91
rs857455	6	14679876	0.844	0.0815
rs7770341	6	16168183	1.052	0.582
rs6908632	6	17396885	0.984	0.881
rs11966463	6	22003666	1.189	0.0596
rs303016	6	25139236	0.781	0.0191
rs11962335	6	35473390	0.724	0.00256
rs6930913	6	39541019	0.774	0.0217
rs619572	6	42349829	1.006	0.95
rs1334601	6	43685668	0.87	0.145
rs7757763	6	44018105	0.796	0.0317
rs927485	6	44570402	1.189	0.125
rs10948308	6	46782300	1.009	0.922
rs6577	6	52750617	1.116	0.231
rs7766458	6	54275330	0.916	0.411
rs9475487	6	55961053	1.017	0.864
rs9444618	6	64170930	1.153	0.118
rs2639291	6	70472310	0.819	0.0789
rs1619936	6	70888842	1.243	0.029
rs1573057	6	73148707	1.061	0.53
rs1341567	6	75918459	1.136	0.154
rs1325471	6	83857956	1.263	0.0163
rs2179770	6	86122529	0.911	0.353
rs1923416	6	88582072	1.005	0.958
rs222541	6	94521445	1.135	0.288
rs197870	6	94847146	0.998	0.982
rs211158	6	96575062	1.038	0.766
rs7752055	6	105512837	1.07	0.505
rs11966261	6	105855399	0.919	0.426
rs4946888	6	108010090	0.938	0.574
rs9386887	6	110326717	1.194	0.0587
rs706913	6	111732770	1	1
rs1204797	6	116220384	0.971	0.783
rs443149	6	121093624	0.862	0.156
rs9320960	6	123776176	0.992	0.934
rs1015247	6	124299368	0.87	0.249
rs9491384	6	125310413	1.1	0.409
rs774290	6	128724081	1.122	0.32
rs2286453	6	131676658	0.995	0.958
rs9388989	6	132376443	1.162	0.235
rs4507607	6	134088661	1.088	0.442
rs7756167	6	135301867	0.887	0.217
rs1480642	6	136178390	1.184	0.0948
rs276497	6	137025990	1.131	0.183
rs10872502	6	139080337	1.074	0.482
rs4489173	6	143094281	1	0.996
rs4896767	6	144989954	0.971	0.792
rs362949	6	146331218	0.951	0.604
rs505358	6	151006712	1.032	0.794
rs9397067	6	151599716	1.141	0.241
rs4870209	6	153634460	0.93	0.479
rs1017643	6	156472999	0.976	0.85
rs2803358	6	157786896	1.014	0.904
rs2209247	6	161461958	1.01	0.916
rs6455767	6	161727303	1.002	0.985
rs9458710	6	163001254	1.004	0.967
rs1325399	6	164220081	1.002	0.978
rs686406	6	165516665	0.984	0.888
rs2345674	6	166854638	1.001	0.989
rs1871423	6	168243173	1.184	0.152
rs3055	6	169666416	1.044	0.703
rs745285	6	170228535	0.994	0.957
rs6948971	7	1814627	1.054	0.643
rs6977305	7	3903918	0.985	0.902
rs4723627	7	4323118	1.002	0.987
rs7807841	7	6212827	0.938	0.502
rs1294631	7	7383766	1.087	0.396
rs3823831	7	8200807	1.048	0.645
rs11984180	7	8681600	1.003	0.98
rs2882524	7	9476293	1.098	0.333
rs7798735	7	10106950	0.955	0.66
rs6967267	7	12645376	0.836	0.112
rs11771343	7	13235214	1	0.999
rs1525091	7	14753038	1.052	0.636
rs7810554	7	15101565	1.065	0.625
rs37423	7	15748616	0.974	0.785
rs4383884	7	19070081	0.905	0.314
rs7783252	7	19928492	0.858	0.154
rs2965404	7	21709884	1.129	0.315
rs187985	7	23386613	1.04	0.722
rs10480042	7	25765827	0.894	0.312
rs2391223	7	26082321	0.968	0.732
rs6461999	7	27241685	1.179	0.114
rs7776819	7	29091146	1.311	0.00356
rs2107550	7	30878748	0.842	0.11
rs2267739	7	31097283	1.008	0.935
rs2598392	7	33581287	1.016	0.88
rs7810092	7	34357018	1.108	0.331
rs17171649	7	40058876	1.033	0.713
rs37268	7	41299382	0.983	0.885
rs10264353	7	43281478	1.249	0.0616
rs6463247	7	44800017	1.105	0.309
rs260368	7	46423744	0.998	0.981
rs12539620	7	49170326	1.141	0.144
rs10270964	7	50821429	1.009	0.92
rs17134266	7	51460100	1.051	0.593
rs6592995	7	52384070	1.103	0.36
rs17520733	7	71184803	1.17	0.165
rs844684	7	72030012	1.046	0.639
rs2110871	7	78451231	0.763	0.0238
rs13237436	7	80246502	0.763	0.0136
rs1322849	7	82452223	0.911	0.344
rs7802588	7	83858619	0.848	0.0844
rs7807771	7	85519647	1.124	0.198
rs10488004	7	91128921	0.935	0.516
rs9784907	7	93317144	1.032	0.751
rs6465387	7	93524748	0.84	0.0575
rs2395018	7	99116263	0.861	0.122
rs883403	7	99450355	1.045	0.686
rs10256829	7	104042236	0.94	0.534
rs6466115	7	106471226	0.926	0.409
rs17154865	7	108055844	1.04	0.667
rs1525200	7	108819472	1.007	0.939
rs12533049	7	114762278	0.935	0.523
rs10262976	7	118060183	1.01	0.917
rs2141360	7	121420119	1.074	0.466
rs683493	7	126165247	0.771	0.0077
rs4607549	7	131649590	0.89	0.311
rs1450881	7	132147786	1.02	0.851
rs1433391	7	132416758	1.119	0.286
rs4728417	7	137455184	1.127	0.215
rs7796821	7	137830045	1.086	0.395
rs10954631	7	138854880	0.905	0.336
rs2249070	7	139187599	0.909	0.341
rs1985729	7	141995005	0.926	0.449
rs6464595	7	144589940	1.112	0.365
rs344454	7	146704342	0.966	0.761
rs975018	7	149807231	0.939	0.526
rs11765596	7	151547006	0.911	0.417
rs11763144	7	151786810	1.032	0.756
rs6464211	7	152176768	0.893	0.242
rs520556	7	153006311	1.155	0.146
rs10952443	7	153683393	0.977	0.807
rs1861141	7	154363360	0.879	0.177
rs4716656	7	155507352	1.103	0.304
rs4716933	7	155931493	1.079	0.437
rs1922084	7	156249866	0.867	0.119
rs1182381	7	157250779	1.218	0.072
rs11995302	8	373502	0.752	0.00747
rs882119	8	1520302	0.987	0.888
rs11136580	8	3125253	0.914	0.38
rs11136757	8	4602393	0.947	0.553
rs11990769	8	5196300	1.11	0.269
rs1057187	8	6405562	1.21	0.0585
rs12544727	8	10392649	1.041	0.656
rs6601548	8	11030586	1.184	0.0965
rs1442534	8	13117098	0.967	0.741
rs1480144	8	16280076	1.059	0.549
rs1523643	8	16931726	1.111	0.319
rs425010	8	18058330	1.136	0.188
rs10503671	8	20129662	1.079	0.445
rs2613687	8	21207037	0.971	0.782
rs10098971	8	21463003	0.914	0.392
rs6558052	8	22416174	1.02	0.828
rs926105	8	24862989	0.845	0.129
rs1485747	8	25990357	1.004	0.965
rs4732619	8	28019752	1.099	0.367
rs4732942	8	29440001	1.038	0.752
rs2938203	8	30273416	1.216	0.0709
rs1462906	8	32039076	1.151	0.138
rs4237080	8	34922991	0.907	0.347
rs934649	8	35860779	1.02	0.835
rs2722459	8	40548940	0.873	0.16
rs2923419	8	42611273	1.038	0.716
rs3763547	8	51899783	0.912	0.376
rs7006934	8	53737523	1.066	0.568
rs13439780	8	55431626	0.955	0.62
rs1866694	8	61260109	0.896	0.3
rs16932440	8	66038270	1.139	0.177
rs10957516	8	70206816	0.885	0.302
rs346617	8	72332122	0.992	0.927
rs2570169	8	74924596	0.936	0.479
rs10957952	8	80029762	1.07	0.471
rs999450	8	80984101	1.431	0.000137
rs1375781	8	83060318	1.052	0.622
rs1882852	8	90281901	0.956	0.638
rs2978133	8	94082935	1.049	0.645
rs3133745	8	95522578	0.9	0.292
rs11996075	8	97898059	1.094	0.375
rs6994682	8	100409570	1.094	0.389
rs7824468	8	101013423	0.959	0.652
rs2669425	8	104383355	0.87	0.226
rs17840659	8	110407300	1.121	0.255
rs9297546	8	115810041	0.952	0.632
rs17297109	8	121557193	0.959	0.698
rs12547950	8	122603858	0.866	0.143
rs13251094	8	125512754	1.013	0.893
rs7836147	8	125753078	0.913	0.321
rs780321	8	126071451	0.908	0.34
rs12543473	8	126769195	1.114	0.247
rs4427136	8	127867593	0.991	0.932
rs4367565	8	130525709	1.261	0.0338
rs1514626	8	131753494	0.815	0.0586
rs7831261	8	134334729	0.759	0.0132
rs4471082	8	137123034	1.042	0.688
rs7017031	8	138537610	0.879	0.28
rs7011715	8	141409154	0.952	0.673
rs6558387	8	143756420	0.983	0.859
rs7017102	8	144063745	1.151	0.125
rs16932430	9	344332	1.23	0.0459
rs10809101	9	1058914	1.129	0.257
rs10964101	9	1943156	1.187	0.113
rs7865808	9	2913620	0.805	0.0297
rs12378782	9	4331717	0.846	0.0859
rs913258	9	4877246	1.184	0.113
rs7043596	9	5709530	1.212	0.0764
rs1500318	9	8361445	0.869	0.158
rs324498	9	9059545	1.026	0.79
rs449090	9	10063345	1.138	0.148
rs10491949	9	11513866	0.934	0.444
rs1331675	9	13177390	0.818	0.0917
rs10810130	9	14304974	0.877	0.199
rs4741453	9	15085780	1.007	0.944
rs10756782	9	16700516	1.236	0.0889
rs2593404	9	17559395	0.862	0.109
rs10811249	9	19832329	1.027	0.813
rs2301550	9	20354798	1.112	0.298
rs4977826	9	23127563	0.928	0.486
rs7873820	9	24883181	1.016	0.89
rs1412387	9	25578184	1.039	0.686
rs439314	9	26379842	0.872	0.145
rs4878586	9	27810416	0.858	0.101
rs10757957	9	30476241	1.01	0.92
rs4879592	9	32697116	1.073	0.473
rs3849903	9	33318590	0.996	0.972
rs10758409	9	36869259	1.108	0.358
rs1887455	9	37488728	0.899	0.293
rs981197	9	73789915	0.944	0.581
rs894823	9	77463613	1.02	0.839
rs6559415	9	78828939	0.879	0.206
rs951577	9	82425194	1.13	0.34
rs7859549	9	86072070	0.945	0.615
rs927524	9	87277685	1.217	0.0617
rs774227	9	91431659	1.093	0.412
rs10992623	9	93068366	0.872	0.241
rs6477733	9	96862781	1.112	0.245
rs7853312	9	98240352	0.962	0.673
rs1932158	9	102247186	0.901	0.366
rs2230808	9	104800523	0.903	0.34
rs1510283	9	106933669	1.323	0.00601
rs942136	9	108324116	1.12	0.287
rs3780528	9	110904997	1.143	0.154
rs7854368	9	112045361	1.118	0.253
rs10759715	9	114515015	1.069	0.484
rs4144636	9	117000428	0.966	0.747
rs10739560	9	120268566	0.969	0.746
rs2488597	9	123229794	1.012	0.919
rs3814134	9	124505410	1.014	0.897
rs518116	9	126953457	0.956	0.669
rs3115874	9	128817059	1.094	0.496
rs590086	9	130468272	0.974	0.784
rs1009249	9	131038676	0.976	0.791
rs7041015	9	132418466	0.887	0.274
rs6537934	9	134619432	1.326	0.018
rs5029224	9	137829347	1.059	0.538
rs7860423	9	138061095	0.875	0.207
rs816627	10	572469	0.868	0.157
rs10794743	10	1369091	1.082	0.385
rs10751868	10	2307163	0.985	0.876
rs4881055	10	3011174	1.094	0.397
rs2025163	10	4256912	0.824	0.0576
rs1341926	10	6252481	0.991	0.927
rs2804126	10	6918650	0.943	0.523
rs1149908	10	8111859	0.974	0.786
rs1414090	10	9348572	0.916	0.493
rs201113	10	11006301	0.958	0.661
rs4623785	10	12702337	0.955	0.628
rs2039014	10	14773080	0.863	0.11
rs1326207	10	15124906	1.176	0.142
rs12247963	10	15793250	1.178	0.0676
rs12262718	10	17301707	0.851	0.124
rs4406722	10	19612084	1.128	0.244
rs7079790	10	21008034	0.974	0.787
rs11814448	10	22026914	0.962	0.677
rs6482313	10	23655281	0.894	0.38
rs3808907	10	24953993	1.011	0.914
rs11015436	10	26970891	0.933	0.46
rs796829	10	28824768	0.936	0.503
rs7919137	10	31336460	1.085	0.456
rs593992	10	34247121	1.036	0.689
rs10764116	10	36950637	0.815	0.053
rs10900107	10	44747723	1.199	0.0472
rs11239367	10	45151564	1.172	0.0785
rs10761587	10	50889433	0.944	0.582
rs1561662	10	52480952	0.73	0.00547
rs1911414	10	53997456	0.91	0.362
rs1733742	10	55089092	0.991	0.937
rs12268117	10	56534899	1.08	0.465
rs224136	10	62710915	0.929	0.473
rs10761835	10	64132310	1.248	0.0432
rs1904630	10	67338870	0.847	0.0961
rs10762276	10	69292713	1.154	0.123
rs2394931	10	72906307	0.892	0.236
rs7908565	10	74991677	1.149	0.167
rs7896396	10	75755017	1.205	0.0837
rs2913116	10	78269184	1.168	0.1
rs570677	10	78862599	0.833	0.08
rs2207657	10	81842804	1.175	0.169
rs7069367	10	82315220	1.1	0.427
rs10788307	10	84027053	0.9	0.304
rs736141	10	84256734	1.073	0.536
rs7895530	10	89827592	0.99	0.922
rs6583810	10	92356476	0.893	0.268
rs701851	10	93417945	1.085	0.502
rs10736103	10	96336258	0.937	0.48
rs4532970	10	96874185	1.019	0.867
rs10748736	10	98518042	1.012	0.907
rs670283	10	104167352	1.132	0.178
rs10786930	10	106251495	0.906	0.339
rs11193154	10	106994991	0.928	0.422
rs2076974	10	110060553	0.956	0.672
rs7908735	10	112212648	1.077	0.494
rs11197469	10	115890375	0.958	0.655
rs992528	10	116403070	1.215	0.0567
rs10749372	10	120381675	0.965	0.728
rs11200479	10	122208340	1.018	0.845
rs6599662	10	123183290	1.028	0.772
rs2483852	10	127151877	0.93	0.46
rs10764784	10	128518735	1.122	0.211
rs1762430	10	129474935	1.2	0.0477
rs7100028	10	129850423	1.029	0.772
rs4751330	10	131147181	1.026	0.81
rs9418990	10	133524462	1.062	0.585
rs7935419	11	678973	0.983	0.852
rs800336	11	2451901	0.996	0.972
rs10768634	11	5172180	0.979	0.816
rs7947368	11	6565998	0.847	0.0875
rs1384508	11	7726927	1.203	0.135
rs10765838	11	11348021	0.965	0.697
rs2403595	11	12363762	1.091	0.396
rs6486270	11	15949393	0.91	0.335
rs11024739	11	18624296	1.067	0.556
rs10833134	11	19605981	1.101	0.355
rs1377740	11	21191744	1.029	0.767
rs4378393	11	21582745	1.03	0.762
rs1607559	11	23664060	0.868	0.116
rs1561937	11	25563634	0.828	0.0877
rs12807847	11	26721129	0.964	0.701
rs549272	11	30441563	0.97	0.766
rs598264	11	30773178	1.091	0.343
rs2553779	11	35055001	0.952	0.632
rs10768140	11	35489359	0.927	0.503
rs6484807	11	35982766	1.016	0.865
rs1030774	11	38476051	0.971	0.779
rs1031763	11	39908759	0.97	0.756
rs4631865	11	40832845	0.835	0.0933
rs10837800	11	42262915	1.036	0.778
rs4752805	11	47996803	1.095	0.459
rs2071168	11	61539457	1.142	0.194
rs680273	11	64772163	0.754	0.00844
rs4478996	11	67122087	0.831	0.0577
rs10750836	11	69048055	1.039	0.687
rs10793379	11	70885043	1.224	0.0559
rs7111814	11	73224780	1.048	0.701
rs3740677	11	78216990	1.147	0.193
rs603295	11	78919803	1	0.999
rs12289502	11	80688369	1.008	0.942
rs6592183	11	84452512	1.026	0.797
rs10792837	11	86194673	1.024	0.809
rs905646	11	88620634	1.051	0.637
rs585555	11	94680577	1.071	0.488
rs1150349	11	95805614	0.921	0.366
rs7125582	11	96677221	1.059	0.567
rs1452673	11	97381625	1.109	0.343
rs1532007	11	98974901	0.935	0.488
rs1442449	11	100295058	0.875	0.173
rs527709	11	106380787	1.13	0.285
rs647756	11	107665032	1.036	0.701
rs566552	11	109350152	1.056	0.576
rs4622301	11	110925361	0.906	0.344
rs6589360	11	113179570	0.989	0.909
rs7934726	11	114039554	0.913	0.344
rs7103514	11	117949846	1.087	0.37
rs647975	11	118168026	0.943	0.521
rs12273026	11	120579612	0.853	0.0705
rs509334	11	121407209	1.214	0.0817
rs7952397	11	123186433	0.994	0.949
rs1942662	11	124662604	1.004	0.964
rs10893538	11	126552475	0.974	0.773
rs2514895	11	127240288	0.882	0.176
rs7103088	11	130139411	0.8	0.0435
rs103610	11	131543525	0.899	0.308
rs2226633	11	132450500	0.965	0.702
rs6590705	11	133464627	0.885	0.196
rs470713	11	134128003	1.115	0.308
rs124440	12	223496	0.844	0.0789
rs7967165	12	970841	0.894	0.283
rs11062437	12	2968033	1.229	0.0476
rs10744614	12	3445736	0.851	0.136
rs7303229	12	5561284	1.035	0.741
rs3782711	12	6074015	1.068	0.51
rs10840686	12	8109054	0.956	0.691
rs10845099	12	10268203	1.002	0.983
rs1861482	12	11680724	1.139	0.238
rs10772518	12	11973102	0.918	0.384
rs850918	12	12989240	1.036	0.708
rs7310891	12	14663629	1.07	0.456
rs984303	12	15597457	1.007	0.944
rs7967366	12	19035007	1.005	0.963
rs4350408	12	21999779	0.975	0.788
rs4514479	12	23256365	1.104	0.347
rs7307747	12	25345695	0.955	0.627
rs7975017	12	26275860	0.926	0.469
rs7963493	12	26482142	0.901	0.347
rs299478	12	29554319	0.845	0.0743
rs4931655	12	32905128	1.066	0.493
rs7978988	12	34243944	0.977	0.804
rs11182432	12	44175045	0.973	0.773
rs2471601	12	46554876	0.988	0.904
rs7970314	12	47914391	1.132	0.298
rs615382	12	50019128	1.096	0.385
rs7306523	12	53000180	0.762	0.0204
rs11171526	12	55512677	1.045	0.644
rs10876851	12	55791777	0.999	0.99
rs7132009	12	60193259	0.923	0.38
rs11175885	12	65720850	0.825	0.0602
rs10878561	12	67111273	0.922	0.442
rs918003	12	67882715	0.995	0.96
rs10784930	12	71694524	0.775	0.0207
rs460406	12	72618135	0.806	0.0564
rs7967984	12	75920618	1.215	0.101
rs7138514	12	79400778	1.199	0.0472
rs10778691	12	79826108	0.782	0.022
rs388693	12	88778935	0.842	0.0734
rs2731232	12	90180334	0.874	0.23
rs10859541	12	93616411	1.075	0.442
rs7975526	12	94649063	0.937	0.486
rs11110411	12	100524702	1.038	0.68
rs2242138	12	101355126	1.056	0.545
rs12820008	12	102758251	0.917	0.434
rs6539244	12	105957324	1.117	0.225
rs916682	12	111261342	1.153	0.231
rs11066430	12	112831792	0.96	0.658
rs4767252	12	114749919	1.016	0.888
rs1549338	12	115724811	0.889	0.279
rs7969190	12	116532887	1.087	0.383
rs4767461	12	116849176	1.112	0.425
rs628644	12	117667119	1.033	0.804
rs280591	12	119852914	1.048	0.606
rs4077055	12	121116620	0.935	0.469
rs6486783	12	121935916	0.976	0.795
rs1051431	12	123161256	1.029	0.782
rs1070544	12	124691819	0.947	0.558
rs2615667	12	125518902	0.98	0.831
rs12304312	12	126364595	0.98	0.826
rs12370733	12	127370826	1.046	0.629
rs1560545	12	127819720	1.22	0.0567
rs1709704	12	128335969	1.027	0.78
rs1486638	12	129100866	1.051	0.59
rs4759479	12	130490528	0.968	0.716
rs7397250	12	131565246	0.904	0.321
rs11835531	12	132037036	1.173	0.136
rs9551445	13	19412332	1.094	0.332
rs9510171	13	22385991	0.896	0.321
rs4378490	13	25337897	1.073	0.493
rs943724	13	26700133	1.029	0.79
rs7981680	13	28319733	0.831	0.0446
rs1329667	13	33917701	0.907	0.393
rs9531159	13	35896199	0.89	0.213
rs9532218	13	38386233	1.111	0.27
rs1078421	13	39105541	0.92	0.432
rs1572018	13	41141146	1.001	0.996
rs9533771	13	44103463	0.876	0.194
rs9534014	13	44973122	0.861	0.227
rs9567896	13	47602986	0.854	0.111
rs3751380	13	48577283	0.951	0.615
rs7321057	13	51107878	1.027	0.79
rs790325	13	57055624	0.989	0.907
rs1622710	13	59532791	1.017	0.87
rs4581589	13	63770972	1.073	0.449
rs1020228	13	66802215	0.91	0.302
rs11148886	13	71706388	0.919	0.395
rs7333151	13	73045091	1.224	0.0277
rs8002907	13	74213100	1.17	0.101
rs9530435	13	75419751	0.899	0.284
rs3861128	13	77158198	1.151	0.171
rs7332661	13	80792116	1.142	0.154
rs9515517	13	89047938	0.82	0.0816
rs552157	13	91463528	0.867	0.144
rs9788393	13	93592084	1.357	0.00393
rs7492028	13	96916842	1.073	0.476
rs285087	13	98093550	0.802	0.0188
rs987531	13	100753729	0.808	0.0384
rs2476230	13	101930093	0.806	0.0311
rs6491743	13	103408982	0.727	0.00165
rs9582807	13	104127823	1.117	0.283
rs11840893	13	104729740	1.385	0.001
rs1999884	13	105628253	0.821	0.0508
rs913607	13	106258455	0.813	0.0484
rs7338078	13	106839420	1.157	0.118
rs7989360	13	109687650	1.103	0.286
rs9301448	13	110353733	1.051	0.627
rs9522149	13	111174820	0.878	0.297
rs1183183	13	111484358	0.979	0.849
rs4907499	13	112125114	0.968	0.727
rs4630437	13	113295721	1.243	0.0154
rs3211416	13	114244779	0.839	0.113
rs1620265	14	20554674	0.955	0.617
rs11156730	14	20869107	0.935	0.529
rs4982736	14	23159257	0.948	0.596
rs8022613	14	23937709	1.043	0.677
rs8015766	14	25508564	0.892	0.207
rs1474965	14	26407814	0.874	0.21
rs2332880	14	26955258	0.982	0.875
rs12897779	14	31715211	1.006	0.953
rs3784191	14	32454084	1.039	0.709
rs1012023	14	33487003	0.909	0.336
rs12891015	14	34372493	0.953	0.633
rs1956424	14	37062697	0.935	0.469
rs17115651	14	44846476	1.033	0.724
rs1954231	14	46958897	1.174	0.122
rs7146139	14	50784439	1.076	0.429
rs1057804	14	51967337	0.823	0.0394
rs1888344	14	53861964	0.975	0.794
rs7143380	14	55966551	1.033	0.729
rs8019850	14	57218716	1.133	0.246
rs12897140	14	61494692	0.912	0.373
rs2356515	14	63381503	0.899	0.303
rs1953233	14	65106444	0.997	0.973
rs2144061	14	67059845	1.115	0.264
rs4899321	14	69895431	0.85	0.0982
rs6574072	14	72400625	1.183	0.0852
rs8022535	14	75595040	1.126	0.326
rs7157792	14	76886760	1.041	0.682
rs987644	14	78777702	1.153	0.231
rs221436	14	79668027	0.988	0.911
rs11159698	14	85298911	1.073	0.488
rs1009799	14	87459614	0.976	0.816
rs7141800	14	89338163	0.944	0.565
rs3825663	14	89963405	1.137	0.18
rs8013195	14	90774603	0.984	0.867
rs6575264	14	92518769	1.027	0.773
rs8022629	14	94468771	1.007	0.943
rs8015314	14	94972891	1.028	0.775
rs2369049	14	95705514	1.04	0.687
rs4905581	14	97135265	0.913	0.45
rs1003229	14	97705280	1.123	0.34
rs9323995	14	98704402	1.036	0.701
rs1191022	14	99978969	1.035	0.732
rs1131877	14	102875712	1.175	0.184
rs10142224	14	105542308	0.912	0.325
rs17112080	14	106824672	0.863	0.105
rs6576431	15	23537054	0.942	0.522
rs2719890	15	25273815	0.951	0.618
rs6576551	15	26231028	0.959	0.7
rs8042276	15	27448929	0.804	0.0509
rs1448484	15	28038295	1.151	0.138
rs2004657	15	29342310	0.911	0.398
rs7173247	15	33166692	0.859	0.113
rs480616	15	33977774	0.885	0.224
rs1376785	15	34820509	0.964	0.703
rs1037575	15	35448381	1.21	0.0978
rs8035530	15	38004865	0.921	0.399
rs679882	15	40467148	0.86	0.107
rs199138	15	45095352	0.812	0.0502
rs2675345	15	48108002	1.295	0.014
rs1873813	15	53003051	0.901	0.309
rs16977374	15	57289394	0.775	0.0134
rs11071428	15	59322642	0.88	0.216
rs974828	15	60563356	0.927	0.488
rs8033972	15	64232781	1.148	0.308
rs7162991	15	68339974	0.889	0.189
rs896999	15	68808238	1.15	0.139
rs4777126	15	69215121	0.965	0.729
rs7402101	15	71762491	0.986	0.889
rs7402884	15	77089617	1.022	0.834
rs6495489	15	80330225	0.975	0.84
rs4238528	15	81327364	0.931	0.487
rs1905233	15	81550990	1.028	0.784
rs8040248	15	84059653	1.041	0.678
rs2859553	15	86956927	0.876	0.212
rs7170666	15	88611735	1.046	0.652
rs3844110	15	89971715	1.081	0.435
rs977681	15	91239029	0.858	0.182
rs6496858	15	91718619	1.004	0.972
rs12898974	15	93442440	0.952	0.632
rs1479828	15	94073505	1.047	0.653
rs957703	15	95265901	0.944	0.613
rs4451923	15	97395919	0.982	0.876
rs4965117	15	97949020	1.102	0.422
rs2063275	15	99050839	1.063	0.518
rs2581468	15	99572263	0.996	0.965
rs2622530	15	100032749	1.015	0.874
rs7175787	15	100858595	0.946	0.542
rs4965814	15	101273712	1.265	0.0223
rs2562182	16	83947	1.137	0.153
rs9927150	16	774098	0.973	0.798
rs6500552	16	3709392	1.03	0.788
rs10775349	16	4029822	0.867	0.162
rs1528322	16	5353984	1.1	0.302
rs12933048	16	5644377	1.105	0.309
rs4787040	16	7510978	1.053	0.683
rs9925564	16	9135199	1.041	0.681
rs12149023	16	9560496	1.104	0.297
rs7204918	16	12821722	1.086	0.461
rs13335375	16	15924732	1.024	0.819
rs7187018	16	17106568	0.928	0.421
rs739564	16	19728915	0.975	0.812
rs4780278	16	20276656	1.056	0.564
rs4783432	16	21940094	0.92	0.463
rs1503949	16	22947363	1.011	0.911
rs8045868	16	24953197	0.941	0.522
rs1423076	16	26516210	0.917	0.364
rs7203982	16	28943539	0.974	0.77
rs8046826	16	48139470	1.078	0.503
rs4785155	16	48969867	0.886	0.241
rs1848175	16	51027495	0.982	0.859
rs9934908	16	51642681	1.181	0.0954
rs3912519	16	51849477	1.13	0.221
rs4784375	16	54362450	0.954	0.66
rs901439	16	55094825	1.013	0.905
rs1787785	16	57308469	1.013	0.895
rs6499886	16	57579746	0.95	0.691
rs7191378	16	58081130	1.313	0.00698
rs7198976	16	59895622	0.972	0.758
rs6498910	16	63627734	1.283	0.0113
rs3843712	16	66900250	1.18	0.0848
rs12444204	16	73449053	1.005	0.965
rs9928718	16	75042840	1.084	0.394
rs7201030	16	76489895	0.87	0.199
rs4516239	16	78412705	0.978	0.817
rs2287975	16	79516170	1.112	0.338
rs4889024	16	79762299	0.852	0.165
rs6564771	16	80607892	1.149	0.195
rs9933207	16	81997672	0.905	0.275
rs4278742	16	82368692	0.961	0.691
rs4782812	16	83530006	0.996	0.971
rs8053934	16	83984986	1.082	0.451
rs4280248	16	86028443	0.931	0.515
rs1728390	16	86380453	1.133	0.191
rs3922878	16	86821098	0.945	0.558
rs4843607	16	87402617	0.839	0.0609
rs8062916	16	89314306	0.964	0.681
rs6500465	16	90086759	1.077	0.451
rs7208188	17	263243	0.88	0.196
rs4790359	17	2728691	0.86	0.139
rs11870382	17	3595812	1.266	0.00868
rs8070464	17	4609197	1.262	0.0152
rs9911673	17	5797638	1.1	0.321
rs2287499	17	7688850	1.141	0.205
rs4791367	17	9821057	1.18	0.102
rs8075550	17	11123742	1.061	0.531
rs237303	17	12532597	1.123	0.267
rs4792286	17	12840436	0.888	0.242
rs8080590	17	14327957	0.922	0.393
rs4791595	17	14664937	1.039	0.75
rs758857	17	15950943	1.093	0.36
rs2958458	17	20812065	0.944	0.597
rs8079412	17	30950096	1.068	0.504
rs6505324	17	33003846	1.164	0.132
rs7222177	17	34017365	0.925	0.404
rs212498	17	34404030	1.319	0.0153
rs2593595	17	42904228	1.156	0.22
rs7226263	17	46737518	0.95	0.569
rs1910211	17	53445719	0.878	0.21
rs1019117	17	56670768	0.832	0.0477
rs1427463	17	64496464	1.015	0.879
rs2904210	17	65407075	1.057	0.608
rs719934	17	67004277	1.085	0.372
rs8077384	17	68167090	0.902	0.288
rs2430522	17	71696548	0.992	0.935
rs16977110	17	72151729	1.165	0.102
rs903104	17	73028563	0.94	0.507
rs9896656	17	73778509	1.133	0.216
rs1107704	17	74512286	1.194	0.106
rs9899687	17	75362178	0.959	0.721
rs771722	17	76887318	1.378	0.00498
rs7218173	17	77676394	0.915	0.347
rs568273	18	610157	0.805	0.0161
rs7235479	18	2463096	1.003	0.98
rs6506123	18	3422510	1.152	0.13
rs439890	18	3720081	0.922	0.394
rs4797155	18	4261884	0.842	0.106
rs2874686	18	5407840	1.064	0.554
rs897351	18	6102147	1.081	0.532
rs571324	18	7045122	0.956	0.645
rs629699	18	8835871	1.166	0.136
rs1869735	18	9700459	0.938	0.492
rs545056	18	10565284	0.872	0.129
rs456908	18	11318730	1.06	0.559
rs16976596	18	11696614	0.989	0.908
rs2586204	18	21394777	0.974	0.814
rs3764962	18	22183050	1.132	0.186
rs7243722	18	24163427	0.888	0.224
rs2155771	18	28984163	1.202	0.0767
rs12960708	18	29858338	1.252	0.0451
rs4436849	18	32975482	1.175	0.0922
rs550139	18	35144360	1.103	0.335
rs307114	18	40060683	1.194	0.0824
rs684289	18	43386920	0.914	0.382
rs11082588	18	47464600	0.98	0.841
rs1877415	18	48522886	1.003	0.977
rs9945724	18	48914119	0.914	0.334
rs6508087	18	51771358	0.934	0.502
rs529067	18	54326671	1.083	0.376
rs11151970	18	56604140	1.155	0.205
rs1942920	18	59972177	1.172	0.122
rs758811	18	61336271	0.891	0.228
rs4377248	18	64195686	1.011	0.912
rs17061875	18	66155457	0.903	0.266
rs4891724	18	69142972	1.056	0.575
rs4891384	18	69957318	0.862	0.158
rs4891408	18	70557402	1.073	0.52
rs634392	18	72548810	0.862	0.12
rs2156103	18	72808661	0.883	0.234
rs898487	18	75787931	1.066	0.503
rs590218	18	76357928	1.003	0.974
rs874299	18	77344328	0.945	0.632
rs4798954	18	78078302	1.037	0.745
rs483346	18	78956877	0.822	0.0328
rs10405317	19	1691726	1.07	0.495
rs8110664	19	2883138	1.071	0.466
rs1865028	19	6015055	0.994	0.946
rs8106856	19	6371787	0.972	0.798
rs308197	19	6835429	0.971	0.771
rs10401786	19	7795878	1.057	0.546
rs8113531	19	9133217	1.1	0.294
rs399878	19	11323829	1.045	0.644
rs2052474	19	11546180	0.972	0.773
rs2900918	19	13394519	1.034	0.719
rs2607276	19	13843819	1.203	0.102
rs2242143	19	16190733	0.948	0.66
rs901792	19	16680632	1.262	0.0368
rs12972417	19	17414505	0.835	0.0667
rs6511061	19	19944014	0.871	0.174
rs1850930	19	21656660	0.857	0.162
rs867815	19	29043175	1.071	0.512
rs10411052	19	29518450	1.127	0.265
rs10553	19	32597135	0.962	0.67
rs562638	19	39359149	0.948	0.604
rs2231738	19	39944141	1.11	0.275
rs1205817	19	42099624	1.105	0.355
rs846870	19	44583087	0.94	0.546
rs7255770	19	45336762	0.96	0.665
rs2974190	19	47557809	0.795	0.0158
rs274883	19	48119288	1.225	0.055
rs1879266	19	49486803	1.071	0.534
rs1626153	19	51282770	1.028	0.773
rs8112502	19	52120069	0.95	0.583
rs3745099	19	52398652	1.131	0.23
rs1650940	19	53004046	1.153	0.16
rs3826756	19	53911469	1.179	0.0727
rs890869	19	55121675	0.953	0.641
rs3810168	19	55385341	1.127	0.224
rs11673628	19	56111697	0.993	0.944
rs2009609	19	57752631	0.895	0.232
rs8109437	19	58440960	1.143	0.141
rs2077713	20	238142	0.956	0.636
rs554362	20	921359	0.946	0.575
rs1418032	20	2097098	0.857	0.199
rs16990309	20	4855794	1.138	0.208
rs236121	20	5991948	1.045	0.669
rs6133313	20	6426679	0.992	0.932
rs2294306	20	7888378	1.034	0.741
rs1883488	20	9425105	0.868	0.132
rs2207102	20	11315378	1.042	0.658
rs646814	20	13010888	1.128	0.203
rs2876410	20	15574108	1.078	0.52
rs6046024	20	19365540	1.048	0.619
rs2064949	20	19828010	0.967	0.734
rs1203915	20	22591866	0.977	0.803
rs1743488	20	24069037	1.007	0.946
rs880113	20	32540500	0.952	0.615
rs4911320	20	33326225	0.89	0.237
rs3092776	20	40074368	1.081	0.423
rs6029503	20	40991447	0.959	0.672
rs730467	20	43272045	1.004	0.963
rs7263518	20	44201051	1.022	0.817
rs914828	20	46988678	0.989	0.904
rs6018424	20	47358240	1.095	0.417
rs2426057	20	47939092	1.005	0.961
rs768538	20	51417155	1.032	0.774
rs1883999	20	52593524	0.888	0.228
rs4811429	20	53408464	1.059	0.558
rs2426515	20	54456178	0.994	0.959
rs1028546	20	55121461	0.961	0.712
rs1821808	20	55970745	0.977	0.815
rs2426641	20	56717204	0.86	0.186
rs1318379	20	57186229	1.001	0.989
rs6015097	20	57848398	1.017	0.877
rs1182522	20	59791021	0.906	0.311
rs580897	20	60100387	1.127	0.226
rs16984321	20	60800912	1.045	0.643
rs310644	20	63528151	0.994	0.955
rs722098	21	15313279	1.066	0.541
rs9977149	21	15641881	0.866	0.199
rs1689045	21	16231752	1.001	0.992
rs2823880	21	16556234	0.883	0.228
rs2824687	21	18180492	0.944	0.601
rs1487940	21	20230971	0.917	0.428
rs9977512	21	24262475	0.898	0.267
rs380417	21	25899847	0.895	0.283
rs2070398	21	29506044	1.093	0.431
rs2832643	21	30155899	0.99	0.937
rs2284473	21	31156802	0.944	0.531
rs2833775	21	32339966	1.314	0.0259
rs2834670	21	34908079	1.197	0.126
rs718387	21	35755779	0.851	0.0944
rs2835367	21	36511076	1.065	0.525
rs2836181	21	38183716	0.772	0.00448
rs1209914	21	38780448	1.024	0.843
rs766850	21	41174890	0.887	0.269
rs369908	21	41395206	1.111	0.338
rs220245	21	42039063	1.009	0.929
rs605781	21	43314127	0.941	0.527
rs9306171	21	44038897	0.878	0.207
rs9618000	22	17373773	1.23	0.023
rs5992751	22	17597388	1.178	0.104
rs362249	22	18127343	0.996	0.971
rs444763	22	21088994	0.969	0.77
rs737796	22	22083639	0.988	0.905
rs139676	22	24852798	0.928	0.558
rs6004726	22	25637540	1.205	0.0492
rs6004919	22	26059250	0.994	0.954
rs650276	22	26396270	1.063	0.652
rs11703808	22	31628994	1.009	0.942
rs4417800	22	33567804	1.018	0.851
rs739200	22	36036289	1.096	0.377
rs12159761	22	38876636	0.882	0.198
rs6002476	22	41772877	0.998	0.986
rs9612037	22	43304762	0.924	0.413
rs4823209	22	44265564	0.922	0.407
rs6007220	22	44630624	0.876	0.192
rs6007573	22	45279233	0.951	0.595
rs9626968	22	47197842	0.93	0.429
rs1028528	22	47966541	1.148	0.16
rs742022	22	48365950	0.985	0.877
rs4824056	22	49534424	1.078	0.436
rs6520141	22	49894697	0.953	0.615
rs8142477	22	50572947	0.934	0.448
